0.937 18.271 85.029 -0.879 
1.034 18.271 85.095 -0.945 
1.134 18.271 85.023 -0.873 
1.232 18.271 84.951 -0.801 
1.335 18.271 84.913 -0.763 
1.436 18.271 84.898 -0.748 
1.536 18.271 84.820 -0.670 
1.637 18.271 84.791 -0.641 
1.737 18.271 84.909 -0.759 
1.838 18.271 84.892 -0.742 
1.939 18.271 84.973 -0.823 
2.039 18.271 84.872 -0.722 
2.140 18.271 84.979 -0.829 
2.240 18.271 85.012 -0.862 
2.341 18.271 84.970 -0.820 
2.441 18.271 84.877 -0.727 
2.542 18.271 85.007 -0.857 
2.642 18.271 84.910 -0.760 
2.742 18.271 84.907 -0.757 
2.843 18.271 84.943 -0.793 
2.944 18.271 84.930 -0.780 
3.044 18.271 84.866 -0.716 
3.145 18.271 84.866 -0.716 
3.245 18.271 84.885 -0.735 
3.343 18.271 84.852 -0.702 
3.446 18.271 84.905 -0.755 
3.546 18.271 84.942 -0.792 
3.649 18.271 85.065 -0.915 
3.749 18.271 85.180 -1.030 
3.850 18.271 85.104 -0.954 
3.951 18.271 84.893 -0.743 
4.051 18.271 84.955 -0.805 
4.152 18.271 84.835 -0.685 
4.252 18.271 85.072 -0.922 
4.352 18.271 85.039 -0.889 
4.452 18.271 84.802 -0.652 
4.555 18.271 85.053 -0.903 
4.654 18.271 85.023 -0.873 
4.754 18.271 85.089 -0.939 
4.855 18.271 85.009 -0.859 
4.956 18.271 85.016 -0.866 
5.056 18.271 85.123 -0.973 
5.157 18.271 84.997 -0.847 
5.257 18.271 84.930 -0.780 
5.358 18.271 84.976 -0.826 
5.455 18.271 85.074 -0.924 
5.558 18.271 84.935 -0.785 
5.659 18.271 84.950 -0.800 
5.759 18.271 85.130 -0.980 
5.860 18.271 85.054 -0.904 
5.960 18.271 84.983 -0.833 
6.060 18.271 84.936 -0.786 
6.161 18.271 84.892 -0.742 
6.261 18.271 84.940 -0.790 
6.362 18.271 84.871 -0.721 
6.464 18.271 85.013 -0.863 
6.563 18.271 85.023 -0.873 
6.662 18.271 85.179 -1.029 
6.764 18.271 84.972 -0.822 
6.864 18.271 84.974 -0.824 
6.965 18.271 84.876 -0.726 
7.064 18.271 84.859 -0.709 
7.164 18.271 84.848 -0.698 
7.266 18.271 84.904 -0.754 
7.370 18.271 85.082 -0.932 
7.470 18.271 84.833 -0.683 
7.568 18.271 84.982 -0.832 
7.671 18.271 85.037 -0.887 
7.771 18.271 84.901 -0.751 
7.871 18.271 84.961 -0.811 
7.972 18.271 84.948 -0.798 
8.073 18.271 84.870 -0.720 
8.173 18.271 84.865 -0.715 
8.275 18.271 84.820 -0.670 
8.374 18.271 84.787 -0.637 
8.474 18.271 84.783 -0.633 
8.577 18.271 84.916 -0.766 
8.677 18.271 84.797 -0.647 
8.777 18.271 84.886 -0.736 
8.877 18.271 84.975 -0.825 
8.977 18.271 85.053 -0.903 
9.077 18.271 84.909 -0.759 
9.177 18.271 84.953 -0.803 
9.277 18.271 84.989 -0.839 
9.377 18.271 84.964 -0.814 
9.480 18.271 85.191 -1.041 
9.580 18.271 85.039 -0.889 
9.678 18.271 84.979 -0.829 
9.781 18.271 84.870 -0.720 
9.882 18.271 84.839 -0.689 
9.982 18.271 84.882 -0.732 
10.083 18.271 84.971 -0.821 
10.183 18.271 84.678 -0.528 
10.284 18.271 84.817 -0.667 
10.385 18.271 84.930 -0.780 
10.487 18.271 84.904 -0.754 
10.585 18.271 84.998 -0.848 
10.686 18.271 85.007 -0.857 
10.787 18.271 84.975 -0.825 
10.887 18.271 84.983 -0.833 
10.988 18.271 85.032 -0.882 
11.088 18.271 84.942 -0.792 
11.187 18.271 84.900 -0.750 
11.289 18.271 85.063 -0.913 
11.390 18.271 84.773 -0.623 
11.490 18.271 84.775 -0.625 
11.591 18.271 84.720 -0.570 
11.691 18.271 84.737 -0.587 
11.789 18.271 84.777 -0.627 
11.892 18.271 84.904 -0.754 
11.995 18.271 85.059 -0.909 
12.093 18.271 84.937 -0.787 
12.194 18.271 84.996 -0.846 
12.294 18.271 84.996 -0.846 
12.395 18.271 85.261 -1.111 
12.496 18.271 85.159 -1.009 
12.596 18.271 84.968 -0.818 
12.697 18.271 84.974 -0.824 
12.797 18.271 84.874 -0.724 
12.898 18.271 84.898 -0.748 
12.997 18.271 84.795 -0.645 
13.099 18.271 84.768 -0.618 
13.199 18.271 84.809 -0.659 
13.300 18.271 84.882 -0.732 
13.401 18.271 85.021 -0.871 
13.501 18.271 84.900 -0.750 
13.602 18.271 84.916 -0.766 
13.703 18.271 84.970 -0.820 
13.803 18.271 84.991 -0.841 
13.900 18.271 84.848 -0.698 
14.003 18.271 85.025 -0.875 
14.104 18.271 85.052 -0.902 
14.204 18.271 85.087 -0.937 
14.305 18.271 84.861 -0.711 
14.405 18.271 85.000 -3.400 
14.506 18.271 84.834 -3.234 
14.607 18.271 84.905 -3.305 
14.707 18.271 84.857 -3.257 
14.807 18.271 85.032 -3.432 
14.908 18.271 84.793 -3.193 
15.009 18.271 84.934 -3.334 
15.109 18.271 85.010 -3.410 
15.209 18.271 84.962 -3.362 
15.310 18.271 84.957 -3.357 
15.411 18.271 85.126 -3.526 
15.511 18.271 84.966 -3.366 
15.616 18.271 85.107 -3.507 
15.712 18.271 85.077 -3.477 
15.813 18.271 84.924 -3.324 
15.914 18.271 84.838 -3.238 
16.011 18.271 84.807 -3.207 
16.113 18.271 84.847 -3.247 
16.215 18.271 84.788 -3.188 
16.315 18.271 84.879 -3.279 
16.415 18.271 84.795 -3.195 
16.517 18.271 84.935 -3.335 
16.618 18.271 84.907 -3.307 
16.716 18.271 85.007 -3.407 
16.818 18.271 85.074 -3.474 
16.918 18.271 84.979 -3.379 
17.019 18.271 84.834 -3.234 
17.119 18.271 85.039 -3.439 
17.219 18.271 84.955 -3.355 
17.318 18.271 85.012 -3.412 
17.421 18.271 85.033 -3.433 
17.520 18.271 84.935 -3.335 
17.621 18.271 84.827 -3.227 
17.722 18.271 84.788 -3.188 
17.823 18.271 84.908 -3.308 
17.923 18.271 84.799 -3.199 
18.023 18.271 84.935 -3.335 
18.121 18.271 84.760 -3.160 
18.224 18.271 85.029 -3.429 
18.325 18.271 85.080 -3.480 
18.425 18.271 84.925 -3.325 
18.526 18.271 85.035 -3.435 
18.627 18.271 85.020 -3.420 
18.727 18.271 85.102 -3.502 
18.828 18.271 84.962 -3.362 
18.929 18.271 85.041 -3.441 
19.029 18.271 85.034 -3.434 
19.132 18.271 84.848 -3.248 
19.229 18.271 84.830 -49.130 
19.333 7.689 84.762 -49.062 
19.420 7.689 38.029 -2.329 
19.521 7.689 37.812 -2.112 
19.621 7.689 37.992 -2.292 
19.722 7.689 37.825 -2.125 
19.823 7.689 38.076 -2.376 
19.923 7.689 37.885 -2.185 
20.024 7.689 38.033 -2.333 
20.124 7.689 37.862 -2.162 
20.222 7.689 37.792 -2.092 
20.324 7.689 37.946 -2.246 
20.425 7.689 37.993 -2.293 
20.526 7.689 37.892 -2.192 
20.626 7.689 38.030 -2.330 
20.728 7.689 37.833 -2.133 
20.829 7.689 37.932 -2.232 
20.929 7.689 37.864 -2.164 
21.029 7.689 37.816 -2.116 
21.130 7.689 37.859 -2.159 
21.231 7.689 38.038 -2.338 
21.330 7.689 38.022 -2.322 
21.431 7.689 37.984 -2.284 
21.532 7.689 37.778 -2.078 
21.633 7.689 37.750 -2.050 
21.733 7.689 37.846 -2.146 
21.835 7.689 37.846 -2.146 
21.936 7.689 37.805 -2.105 
22.036 7.689 37.860 -2.160 
22.137 7.689 37.995 -2.295 
22.237 7.689 37.935 -2.235 
22.336 7.689 38.012 -2.312 
22.438 7.689 38.013 -2.313 
22.539 7.689 37.875 -2.175 
22.639 7.689 37.817 -2.117 
22.739 7.689 37.750 -2.050 
22.841 7.689 38.054 -2.354 
22.941 7.689 38.032 -2.332 
23.041 7.689 37.913 -2.213 
23.140 7.689 37.979 -2.279 
23.240 7.689 38.053 -2.353 
23.342 7.689 37.827 -2.127 
23.442 7.689 38.052 -2.352 
23.543 7.689 38.027 -2.327 
23.645 7.689 37.950 -2.250 
23.744 7.689 38.052 -2.352 
23.845 7.689 37.889 -2.189 
23.946 7.689 38.042 -2.342 
24.046 7.689 38.022 -2.322 
24.147 7.689 38.028 -2.328 
24.247 7.689 37.954 -2.254 
24.347 7.689 37.987 -2.287 
24.445 7.689 38.027 -2.327 
24.548 7.689 37.970 -2.270 
24.649 7.689 37.917 -2.217 
24.749 7.689 37.834 -2.134 
24.849 7.689 37.838 -2.138 
24.950 7.689 37.865 -2.165 
25.051 7.689 37.811 -2.111 
25.151 7.689 37.903 -2.203 
25.252 7.689 38.014 -2.314 
25.352 7.689 38.043 -2.343 
25.455 7.689 37.963 -2.263 
25.555 7.689 37.992 -2.292 
25.656 7.689 37.964 -2.264 
25.756 7.689 38.038 -2.338 
25.857 7.689 37.940 -2.240 
25.958 7.689 37.966 -2.266 
26.058 7.689 37.818 -2.118 
26.159 7.689 37.896 -2.196 
26.259 7.689 38.086 43.514 
26.363 16.474 37.847 43.753 
26.469 16.474 77.315 4.285 
26.567 16.474 77.276 4.324 
26.670 16.474 77.385 4.215 
26.771 16.474 77.335 4.265 
26.872 16.474 77.220 4.380 
26.972 16.474 77.387 4.213 
27.073 16.474 77.366 4.234 
27.173 16.474 77.317 4.283 
27.274 16.474 77.346 4.254 
27.374 16.474 77.430 4.170 
27.475 16.474 77.410 4.190 
27.575 16.474 77.120 4.480 
27.676 16.474 77.277 4.323 
27.776 16.474 77.209 4.391 
27.877 16.474 77.260 4.340 
27.976 16.474 77.263 4.337 
28.077 16.474 77.041 4.559 
28.177 16.474 77.158 4.442 
28.278 16.474 77.215 4.385 
28.379 16.474 77.012 4.588 
28.479 16.474 77.489 4.111 
28.581 16.474 77.092 4.508 
28.678 16.474 77.336 4.264 
28.781 16.474 77.732 3.868 
28.882 16.474 77.488 4.112 
28.982 16.474 77.577 4.023 
29.082 16.474 77.593 4.007 
29.183 16.474 77.540 4.060 
29.284 16.474 77.782 3.818 
29.384 16.474 77.663 3.937 
29.485 16.474 77.612 3.988 
29.585 16.474 77.760 3.840 
29.686 16.474 77.665 3.935 
29.786 16.474 77.782 3.818 
29.886 16.474 77.752 3.848 
29.987 16.474 77.641 3.959 
30.090 16.474 77.641 3.959 
30.188 16.474 77.746 3.854 
30.289 16.474 77.673 3.927 
30.389 16.474 77.565 4.035 
30.490 16.474 77.476 4.124 
30.590 16.474 77.543 4.057 
30.690 16.474 77.570 4.030 
30.788 16.474 77.629 3.971 
30.891 16.474 77.510 4.090 
30.992 16.474 77.688 3.912 
31.092 16.474 77.550 4.050 
31.193 16.474 77.577 4.023 
31.294 16.474 77.672 3.928 
31.394 16.474 77.628 3.972 
31.495 16.474 77.484 4.116 
31.595 16.474 77.455 4.145 
31.696 16.474 77.476 4.124 
31.796 16.474 77.729 3.871 
31.897 16.474 77.614 3.986 
31.997 16.474 77.476 4.124 
32.098 16.474 77.566 4.034 
32.198 16.474 77.640 3.960 
32.298 16.474 77.638 3.962 
32.399 16.474 77.623 3.977 
32.500 16.474 77.622 3.978 
32.600 16.474 77.463 4.137 
32.700 16.474 77.586 4.014 
32.801 16.474 77.479 4.121 
32.900 16.474 77.585 4.015 
33.002 16.474 77.523 4.077 
33.103 16.474 77.574 4.026 
33.204 16.474 77.618 3.982 
33.304 16.474 77.471 4.129 
33.405 16.474 77.601 3.999 
33.506 16.474 77.522 4.078 
33.606 16.474 77.580 4.020 
33.707 16.474 77.589 4.011 
33.807 16.474 77.499 4.101 
33.908 16.474 77.617 3.983 
34.008 16.474 77.468 4.132 
34.110 16.474 77.599 4.001 
34.209 16.474 77.636 3.964 
34.309 16.474 77.364 4.236 
34.410 16.474 77.490 4.110 
34.511 16.474 77.484 4.116 
34.611 16.474 77.647 3.953 
34.712 16.474 77.466 4.134 
34.812 16.474 77.461 4.139 
34.913 16.474 77.553 4.047 
35.011 16.474 77.549 4.051 
35.113 16.474 77.451 4.149 
35.215 16.474 77.493 4.107 
35.315 16.474 77.488 4.112 
35.415 16.474 77.538 4.062 
35.516 16.474 77.448 4.152 
35.617 16.474 77.601 3.999 
35.717 16.474 77.435 4.165 
35.817 16.474 77.623 3.977 
35.916 16.474 77.364 -16.164 
36.022 13.032 77.367 -16.167 
36.115 13.032 62.246 -1.046 
36.216 13.032 62.022 -0.822 
36.317 13.032 62.105 -0.905 
36.417 13.032 62.149 -0.949 
36.517 13.032 62.312 -1.112 
36.620 13.032 62.451 -1.251 
36.720 13.032 62.417 -1.217 
36.821 13.032 62.365 -1.165 
36.922 13.032 62.185 -0.985 
37.022 13.032 62.226 -1.026 
37.120 13.032 62.126 -0.926 
37.222 13.032 62.079 -0.879 
37.325 13.032 62.064 -0.864 
37.424 13.032 62.108 -0.908 
37.525 13.032 62.220 -1.020 
37.626 13.032 62.214 -1.014 
37.726 13.032 62.222 -1.022 
37.826 13.032 62.283 -1.083 
37.927 13.032 62.459 -1.259 
38.028 13.032 62.442 -1.242 
38.128 13.032 62.622 -1.422 
38.228 13.032 62.291 -1.091 
38.329 13.032 62.389 -1.189 
38.429 13.032 62.174 -0.974 
38.530 13.032 62.243 -1.043 
38.631 13.032 62.275 -1.075 
38.731 13.032 62.184 -0.984 
38.831 13.032 62.224 -1.024 
38.931 13.032 62.239 -1.039 
39.032 13.032 62.134 -0.934 
39.133 13.032 62.133 -0.933 
39.230 13.032 62.078 -0.878 
39.332 13.032 62.203 -1.003 
39.434 13.032 62.376 -1.176 
39.535 13.032 62.236 -1.036 
39.635 13.032 62.178 -0.978 
39.736 13.032 62.500 -1.300 
39.836 13.032 62.213 -1.013 
39.936 13.032 62.189 -0.989 
40.035 13.032 62.137 -0.937 
40.138 13.032 62.241 -1.041 
40.238 13.032 53.176 8.024 
40.344 14.998 17.139 44.061 
40.443 14.998 20.224 40.976 
40.543 14.998 18.582 42.618 
40.646 20.000 17.241 43.959 
40.749 20.000 21.176 40.024 
40.850 20.000 19.512 41.688 
40.953 20.000 18.074 43.126 
41.051 20.000 32.597 28.603 
41.151 20.000 31.484 29.716 
41.256 20.000 30.871 30.329 
41.350 20.000 47.129 14.071 
41.452 20.000 46.791 14.409 
41.556 20.000 46.305 14.895 
41.654 20.000 50.921 10.279 
41.755 20.000 51.229 9.971 
41.855 20.000 51.228 9.972 
41.956 20.000 51.034 10.166 
42.056 20.000 51.567 9.633 
42.157 20.000 51.432 9.768 
42.258 20.000 51.020 10.180 
42.358 20.000 51.452 9.748 
42.459 20.000 51.099 10.101 
42.559 20.000 50.783 10.417 
42.659 20.000 50.409 10.791 
42.760 20.000 50.202 10.998 
42.860 20.000 50.232 10.968 
42.961 20.000 50.063 11.137 
43.062 20.000 49.782 11.418 
43.162 20.000 56.682 4.518 
43.263 20.000 186.651 -125.451 
43.367 20.000 187.240 -126.040 
43.461 20.000 135.405 -74.205 
43.563 20.000 135.435 -74.235 
43.667 20.000 135.616 -74.416 
43.765 20.000 96.878 -35.678 
43.866 20.000 96.777 -35.577 
43.970 20.000 96.887 -35.687 
44.068 20.000 92.157 -30.957 
44.169 20.000 91.971 -30.771 
44.271 13.309 92.196 -30.996 
44.363 13.309 63.261 -2.061 
44.463 13.309 63.325 -2.125 
44.564 13.309 63.420 -2.220 
44.665 13.309 63.308 -2.108 
44.765 13.309 63.493 -2.293 
44.866 13.309 63.472 -2.272 
44.966 13.309 63.395 -2.195 
45.067 13.309 63.382 -2.182 
45.167 13.309 63.440 -2.240 
45.268 13.309 63.315 -2.115 
45.369 13.309 63.499 -2.299 
45.469 13.309 63.362 -2.162 
45.566 13.309 63.337 -2.137 
45.668 13.309 63.362 -2.162 
45.771 13.309 63.238 -2.038 
45.871 13.309 63.371 -2.171 
45.971 13.309 63.239 -2.039 
46.072 13.309 63.409 -2.209 
46.172 13.309 63.515 -2.315 
46.273 13.309 63.343 -2.143 
46.373 13.309 63.416 -2.216 
46.474 13.309 63.399 -2.199 
46.574 13.309 63.439 -2.239 
46.675 13.309 63.434 -2.234 
46.775 13.309 63.545 -2.345 
46.876 13.309 63.365 -2.165 
46.977 13.309 63.226 -2.026 
47.077 13.309 63.262 -2.062 
47.178 13.309 63.382 -2.182 
47.279 13.309 63.132 -1.932 
47.379 13.309 63.148 -1.948 
47.479 13.309 63.441 -2.241 
47.580 13.309 63.449 -2.249 
47.678 13.309 63.454 -2.254 
47.779 13.309 63.396 -2.196 
47.881 13.309 63.338 -2.138 
47.982 13.309 63.503 -2.303 
48.083 13.309 63.423 -2.223 
48.183 13.309 63.314 -2.114 
48.284 13.309 63.361 -2.161 
48.387 13.309 63.276 -2.076 
48.485 13.309 63.408 -2.208 
48.585 13.309 63.280 -2.080 
48.686 13.309 63.274 -2.074 
48.787 13.309 63.171 -1.971 
48.887 13.309 63.212 -2.012 
48.988 13.309 63.283 -2.083 
49.088 13.309 63.324 -2.124 
49.189 13.309 63.937 -2.737 
49.290 13.309 63.351 -2.151 
49.390 13.309 63.291 -2.091 
49.490 13.309 61.353 -0.153 
49.591 13.309 62.479 -1.279 
49.692 13.309 62.926 -1.726 
49.789 13.309 61.235 -0.035 
49.891 13.309 62.080 -0.880 
49.994 13.309 62.758 -1.558 
50.093 13.309 73.141 -11.941 
50.197 11.136 98.307 -37.107 
50.293 11.136 89.168 -27.968 
50.394 11.136 90.618 -29.418 
50.496 7.521 92.512 -31.312 
50.590 7.521 70.002 -8.802 
50.691 7.521 68.623 -7.423 
50.795 6.707 66.330 -5.130 
50.892 6.707 60.191 1.009 
50.992 6.707 61.055 0.145 
51.094 6.707 63.057 -1.857 
51.194 6.707 62.534 -1.334 
51.295 6.707 61.554 -0.354 
51.396 6.707 61.136 0.064 
51.496 6.707 61.713 -0.513 
51.596 6.707 63.046 -1.846 
51.699 6.707 63.409 -2.209 
51.798 6.707 63.898 -2.698 
51.895 6.707 63.877 -2.677 
51.996 6.707 64.226 -3.026 
52.099 6.707 64.382 -3.182 
52.199 6.707 63.710 -2.510 
52.299 6.707 63.632 -2.432 
52.400 6.707 61.336 -0.136 
52.500 6.707 56.792 4.408 
52.601 6.707 30.739 30.461 
52.705 13.354 31.576 29.624 
52.809 13.354 60.780 0.420 
52.909 13.354 60.420 0.780 
53.010 13.354 60.465 0.735 
53.111 13.354 60.541 0.659 
53.211 13.354 60.598 0.602 
53.311 13.354 60.927 0.273 
53.412 13.354 61.076 0.124 
53.513 13.354 61.052 0.148 
53.613 13.354 61.075 0.125 
53.714 13.354 61.211 -0.011 
53.814 13.354 61.268 -0.068 
53.915 13.354 61.084 0.116 
54.012 13.354 61.128 0.072 
54.113 13.354 61.263 -0.063 
54.216 13.354 61.263 -0.063 
54.317 13.354 61.163 0.037 
54.417 13.354 61.024 0.176 
54.518 13.354 67.354 -6.154 
54.621 12.133 103.585 -42.385 
54.718 12.133 90.020 -28.820 
54.819 12.133 94.829 -33.629 
54.923 7.831 94.073 -32.873 
55.016 7.831 68.008 -6.808 
55.116 7.831 68.483 -7.283 
55.219 6.998 66.211 -5.011 
55.318 6.998 60.192 1.008 
55.417 6.998 60.796 0.404 
55.518 6.998 61.907 -0.707 
55.618 6.998 61.786 -0.586 
55.719 6.998 62.342 -1.142 
55.819 6.998 62.986 -1.786 
55.919 6.998 63.480 -2.280 
56.021 6.998 64.133 -2.933 
56.118 6.998 64.589 -3.389 
56.219 6.998 63.828 -2.628 
56.321 6.998 64.211 -3.011 
56.422 6.998 61.227 -0.027 
56.523 6.998 47.593 13.607 
56.626 8.998 32.328 28.872 
56.727 8.998 42.084 19.116 
56.826 8.998 42.082 19.118 
56.930 13.087 42.010 19.190 
57.031 13.087 60.621 0.579 
57.132 13.087 60.468 0.732 
57.233 13.087 60.448 0.752 
57.333 13.087 60.287 0.913 
57.433 13.087 60.400 0.800 
57.534 13.087 60.179 1.021 
57.634 13.087 60.441 0.759 
57.736 13.087 60.495 0.705 
57.835 13.087 60.402 0.798 
57.936 13.087 59.782 1.418 
58.036 13.087 59.550 1.650 
58.137 13.087 59.151 2.049 
58.235 13.087 61.213 -0.013 
58.336 13.087 61.179 0.021 
58.438 13.087 61.264 -0.064 
58.540 13.087 61.021 0.179 
58.641 13.087 61.048 0.152 
58.741 13.087 61.088 0.112 
58.842 13.087 61.100 0.100 
58.942 13.087 61.158 0.042 
59.043 13.087 61.092 0.108 
59.144 13.087 61.330 -0.130 
59.248 13.087 61.184 0.016 
59.345 13.087 61.322 -0.122 
59.445 13.087 61.371 -0.171 
59.546 13.087 61.412 -0.212 
59.646 13.087 61.575 -0.375 
59.746 13.087 61.215 -0.015 
59.847 13.087 61.311 -0.111 
59.946 13.087 61.235 -0.035 
60.045 13.087 61.392 -0.192 
60.147 13.087 61.170 0.030 
60.249 13.087 61.124 0.076 
60.346 13.087 61.100 0.100 
